301
302
303
304
305
430
431
432
440
441
442
443
444
445
446
447
448
449
450
451
452
459
460
461
462
463
464
465
466
467
468
469
470
471
476
477
478
485
486
489
490
492
493
496
499
557
570
622
623
628
629
634
635
636
642
644
648
649
653
654
655
656
664
665
666
667
668
670
671
672
673
674
677
678
679
680
682
683
686
689
696
697
699
748
749
750
801
802
842
867
875
876
877
878
879
882
883
884
885
886
887
888
1015
1016
1020
1022
1023
1024
1025
1054
1059
1061
1200
1203
1204
1206
1207
1208
1209
1213
1220
1221
1223
1224
1280
1283
1284
1285
1288
1289
1292
1293
1296
1330
1331
1335
1336
1337
1339
1375
1376
1377
1382
1386
1390
1391
1392
1393
1394
1395
1396
1397
1398
1399
1915
1920
1921
1922
3021
3054
4991
5812
6460
6492
6530
8021
8022
8421
8422
8774
8775
8851
10101
10154
10241
10254
12092
12241
12271
12272
12273
12801
13591
13593
13600
13651
13652
13653
13761
13942
13943
13946
13961
13984
13985
13986
13987
13988
13991
13992
13993
13994
13996
13997
13998
14223
14810
15601
15801
17701
17801
17903
17906
17908
20101
20301
20554
20682
20690
20701
20702
21301
21305
21307
21309
21902
21904
23101
23301
23303
25201
25301
27101
27401
27501
27701
27901
27903
27905
27907
27909
30154
30354
31954
31956
35201
35754
36054
37901
53186
53280
53976
54712
54713
55466
55467
74881
78696
86288
86345
142328
142336
155756
155900
155950
190106
190206
190406
330354
424215
424216
424217
426437
427978
428545
428546
428752
432811
480530
480561
480565
480712
480714
480716
480720
480722
480724
480730
480734
480736
480740
480742
480744
607510
607513
607515
607516
843000
1401056
1401057
1412207
1412209
1412221
1412225
1412226
1412306
1412312
1412315
1412316
1412319
1412322
1412323
1412324
1412325
1412330
1412332
1412334
1412341
1412343
1412345
1412346
309
311
312
316
317
318
319
324
336
806
808
810
811
845
846
847
848
849
850
851
852
870
871
872
873
874
904
911
916
917
918
921
923
924
925
926
928
929
930
933
934
935
939
940
941
942
943
944
945
946
947
948
949
950
951
952
953
954
955
956
957
958
967
971
981
982
983
984
985
986
987
988
990
991
992
993
994
1036
1037
1039
1040
1041
1042
1044
1045
1046
1047
1048
1049
1050
1051
1099
2040
2041
2042
2043
2044
2046
2052
2054
2055
2056
2057
2058
2066
2067
2068
2069
2070
2074
2075
2077
2078
2079
2123
2133
2134
2135
2136
2410
2420
4736
4737
4743
4744
4745
4746
4747
4748
4751
4752
4754
4755
4756
4760
8111
8112
8113
8121
8451
8452
8453
8454
8455
8456
8457
9170
9181
9261
9265
9267
9291
9292
9331
9403
9404
9551
9552
9553
9555
9556
9557
9559
9560
9563
9564
9566
9568
9569
9570
9572
9573
9582
9601
9711
9722
9723
9841
9871
9872
9873
9874
9875
9876
9877
9878
9879
9881
9884
9885
9886
9887
9941
9942
9943
9944
9945
9982
9983
9984
9985
9986
9987
9988
9989
9991
20751
20752
21221
24202
47561
92655
92657
92659
92660
92661
92663
92666
95622
95624
95625
95626
95628
95630
95631
95632
95633
95634
98791
98792
98793
100113
100213
100313
143899
143900
144030
1001038
1002053
1002122
1002411
586
890
891
892
893
894
895
896
897
2174
2175
2226
2227
2228
2229
2230
2231
2232
2233
2234
2235
2236
2237
2238
2239
2240
2241
2242
8931
8932
8933
8934
8935
8936
8937
8938
8939
8940
8941
8942
8943
8944
9895
9902
10073
10074
13039
13795
22301
22302
22303
22304
22305
22306
22307
22308
22309
22310
22311
22312
22313
22314
22315
22316
22317
22318
22319
22341
22342
22343
22344
22345
22346
22347
22421
22422
22423
22424
22425
22426
22427
22431
22432
22433
60991
60992
222300
222301
223191
223192
223193
223194
223195
223196
223197
223198
223199
609922
609923
609924
609925
609928
609929
609930
1022311
1325
2316
2480
2481
6661
6662
6663
6664
6665
6666
6667
6668
6669
6670
6671
6672
23161
23162
24811
47036
47496
50002
50020
50023
50024
50026
50027
50028
50029
50040
50041
50043
50044
50045
50046
50047
50048
50049
50051
50052
50053
50054
50055
50056
50057
50059
50500
60869
70211
111101
111102
111103
500062
500100
500311
500320
500350
500360
500601
500640
507022
2601001
2601002
2601003
2602176
2602554
2603283
2604616
2604617
2606819
5007023
194
713
714
1967
1968
3108
3109
3110
3112
3113
3115
3116
3122
3124
3125
3126
3127
3128
3129
3130
3133
3150
3162
3163
3176
3198
3564
3566
4123
4136
4147
4148
5047
5444
7089
8529
8552
8553
8623
8624
8625
8629
8630
8631
8656
8657
8658
8659
8660
8661
8662
8683
8684
8813
8814
8815
8816
8826
8847
8849
8854
8855
8856
9961
9964
13347
13909
14355
14393
14394
15279
28881
28882
31221
31281
31283
31285
31290
31451
31632
31633
31634
31635
31638
31751
31752
31753
31754
31755
31756
31757
31758
31759
31760
31764
31765
31768
31769
31770
31771
31855
31856
31858
31859
31960
31962
31963
31964
31965
31966
31967
31968
31969
31997
35611
35631
40206
40401
40402
40416
40417
40418
40419
40428
40431
40432
40433
40434
40435
40436
40437
40438
40439
40440
40441
50161
50171
50471
60882
60884
66100
66101
66102
66103
66104
66105
70901
70911
80004
80005
279070
317612
319692
319693
319694
319695
319696
604589
604590
604682
604683
604684
1000645
1008852
2602802
2603011
2603013
2603014
2603015
2603016
2603017
2603018
2603019
2603020
2603021
2603022
2603023
2603024
2603049
2604092
2605354
2605358
2605359
2605360
2605361
2605362
2605363
2605424
2605425
2605634
2605635
2605637
2605638
2605639
2605857
2605858
2605860
2605861
3196951
3196961
3196962
26030121
3786
3792
5015
5016
5017
5019
5391
5392
5393
5394
7700
7701
7709
8754
8967
9115
12625
12626
17197
17198
17199
17202
31844
31845
31846
31847
31848
31849
31851
31852
32841
32843
32844
32886
32888
32889
32890
32891
32892
32895
50170
50172
50191
171907
260971
261325
268646
268935
319697
319698
319699
328430
501711
509964
1000900
1000910
1000920
2602521
2602934
2602936
2602937
2602938
2602940
2602941
2604947
2605894
2606760
1122
1123
1124
1125
1126
1127
1129
1570
1571
1572
1573
1574
3211
3212
3213
3214
3217
3219
3220
3221
3222
3245
3246
3247
3248
3249
3252
3261
3704
3705
3710
3711
3714
5243
6001
6002
6003
6007
6019
6020
6021
6029
6030
6031
6032
6050
6051
6052
6053
6054
6055
6056
6057
6058
6059
11281
11282
11283
11285
11286
11288
11291
11293
32053
32056
32058
32060
32063
32075
32083
32084
32085
32086
32571
32572
32573
32574
32575
50204
50205
50206
50208
52431
52432
52433
60011
60012
60020
60211
60212
60214
60215
60216
60316
60491
60492
60493
60494
60495
60496
60581
60590
60994
60996
60997
62003
62013
62023
62033
62073
62077
62081
75330
75331
75332
75334
75335
75336
112910
112930
112932
112951
320057
421810
421811
427226
427227
427228
427229
427812
524331
609962
751901
751902
751903
751904
753376
753377
2607252
2607253
2607254
2607255
2607256
2607257
1372
1373
1374
1693
1999
2100
2101
2624
2631
3081
3092
3096
6178
7501
7505
7570
7571
7572
7573
7574
7625
7626
9907
10128
10129
10130
10131
10132
10201
10211
10301
10336
10337
10338
10425
10501
10502
10511
10747
11273
11834
11860
12921
13601
13611
13751
13752
13753
14185
15032
15061
15322
15901
15911
15931
15941
20001
21011
21012
21013
21014
21016
21017
21020
21021
21022
21023
21024
21025
21026
21027
21028
21033
21034
31113
36121
51111
54144
54145
116451
260007
260010
260493
261249
261367
261534
261610
311610
311615
311630
311635
312020
312040
312090
317602
317603
317604
318043
318044
318051
318052
318055
318056
318057
318058
318059
541451
2602612
2602615
2602669
2602757
2603718
2603910
2604279
2604817
2605673
2605674
2605676
2606111
2606308
2606538
2606540
2606541
2606542
2606543
2606544
2606545
2606945
2606958
2606959
2606960
2606961
2606962
2606963
2606964
2606987
2606988
2606989
2607063
2607122
2607170
2607174
3180591
3180592
3134
3135
3136
3137
4628
4629
4636
8635
8636
8637
8638
8639
8673
12718
12719
12720
12721
12722
12724
31132
31133
31593
31897
31898
32017
32057
36341
36351
36361
45387
45388
45389
45390
45391
70122
70123
70124
153011
2606533
2606534
2606535
2606536
2606537
3263
3264
3265
6034
6035
6036
6037
6038
6039
14418
14419
14420
50306
50307
50308
50981
50982
50983
60134
60999
418402
419525
419526
419527
419528
460006
460007
460008
460009
460010
460011
503081
509831
601340
601341
601342
609984
609985
609988
609989
609990
677429
3204
3205
5252
5253
52222
404203
507161
507163
507164
1713
1719
1720
1721
1722
1723
1724
1725
1726
1727
1728
1729
1730
1731
1732
1735
1744
1745
1746
1747
8081
8083
8085
8091
8096
9015
9017
9019
17011
17012
17013
17014
17015
17322
17471
22140
22141
22148
22149
22920
22921
22922
22923
22925
22926
62836
62838
62839
62840
62841
62842
90361
90366
90368
90370
90372
12574622
12574631
12614215
12614287
12614288
12614310
3274
3275
3276
3277
3278
3279
6015
6016
6017
6018
32791
32792
43136
43145
43236
43245
43335
43344
43364
43366
43435
43444
43463
43489
43772
43781
43822
43831
43872
43880
43883
43930
43931
49751
49756
49761
49766
49771
49776
49781
49816
60181
60182
60183
912128
5256
5257
5258
5259
5260
5262
5263
5370
5371
5373
5374
5375
5379
5903
5904
13203
13206
13209
13210
14089
14562
14563
53711
53712
53751
53752
53753
53754
53755
53791
53792
101583
101585
101592
101594
101600
101604
101608
101610
101611
101675
132111
132122
132123
181584
919
938
2198
2694
3300
3301
3302
3303
3307
3308
3309
3312
3313
3315
3316
3317
3318
3319
3320
3321
3322
3323
3324
3325
3326
3331
3332
3333
3334
3335
3336
3337
3338
3339
3340
3341
3342
3343
3346
3347
3352
3353
3356
3360
3361
3362
3363
3364
3365
3366
3368
3370
3371
3377
3378
3379
3380
3381
3382
3383
3384
3385
3386
3387
3388
3397
3400
3401
3402
3403
3404
3405
3406
3407
3455
3456
3457
3458
3460
3472
3476
3482
3483
3486
3487
3540
3541
3542
3800
3801
3802
3803
3804
3806
3808
3809
3810
3811
3812
3813
3814
3815
3816
3825
3826
3827
3828
3829
4475
4599
4944
5000
5012
5021
5041
5541
5594
5595
6730
6731
6732
6790
6791
6792
6793
6794
6795
6796
6797
6798
6799
9190
9501
10792
10793
19880
19881
19882
32563
33011
33012
33013
33015
33016
33017
33018
33032
33033
33034
33036
33037
33062
33063
33064
33065
33066
33073
33074
33077
33221
33222
33223
33224
33225
33226
33227
33228
33229
33230
33231
33232
33233
33234
33271
33272
33273
33274
33275
33281
33283
33284
33285
33286
33311
33312
33313
33420
33421
33422
33423
33424
33425
33426
33427
33524
33525
33526
33561
33594
33597
33598
33651
33652
33654
33655
33656
33657
33658
33661
33662
33702
33791
33841
33842
33843
33848
33881
33882
33883
33884
33885
33886
33887
33888
33890
33891
33892
33898
33899
33900
33901
33902
33903
33904
33907
34071
34072
34523
34524
34527
34528
34529
34530
34532
34533
34534
34535
34536
34537
34538
34539
34540
34542
34543
34544
34545
34546
34550
34551
34552
34553
34554
34557
34561
34562
34563
34564
34565
34566
34568
34591
34601
34602
34609
34610
34721
34722
34723
34724
34725
34726
34727
34728
34729
34732
34733
34734
34735
34736
34737
34738
34740
34761
34762
34763
34764
34765
34766
34774
34822
34823
34824
34825
34972
34989
34990
34991
34995
34996
34997
34999
35147
35148
35433
35434
35435
35437
35967
38251
38261
50581
52168
60170
60171
60172
60173
60174
60175
60556
60558
60565
60566
67100
67101
67102
67103
67104
67105
67106
67107
67108
67109
67110
67111
67112
67113
67235
67236
67237
67238
67239
67525
67530
100001
100002
100006
100007
100008
100011
100012
100013
100014
100015
100016
100018
100025
100026
100028
100029
100030
100031
100035
100036
100037
100038
100039
100040
100041
100042
100043
100044
100045
100046
100047
100048
100050
100053
100054
100056
100060
100061
100062
100065
100067
100068
100072
100073
100075
100077
100078
100080
100082
100083
100090
100095
100098
100099
100111
100123
100124
100125
100128
100161
100167
100181
100182
100200
100202
100707
101011
101101
101111
101200
101717
102100
102200
102400
102500
102600
102626
102800
102900
103000
103100
103111
103131
103200
103400
104000
104242
104300
104500
104646
104700
104747
104900
105000
105200
105300
105400
105555
105700
105800
106100
106111
106363
106700
107000
107111
107400
107474
108000
108080
108181
108500
108700
108787
108900
109100
109111
109122
109500
330651
330661
330662
330663
332751
333141
333903
333904
334319
334321
334322
334323
334324
334325
334326
334327
334389
334390
334391
334392
334393
334394
334398
334399
334400
335260
335261
335262
335263
336661
336662
336663
336673
336674
336675
336676
338441
338442
338443
338444
338445
338446
338447
338448
338901
338902
345240
345516
345517
345661
347321
347331
347332
347361
347362
349826
349832
349833
349882
349891
349898
349971
349972
349973
349974
349975
349976
349977
602556
602558
602559
602565
602566
605005
605661
1000902
1000904
1000936
1000942
1000946
1000947
1000948
1000949
1000954
3366751
3366752
3366753
3498822
3498823
3498826
3498911
720
721
1479
1698
1699
1923
2020
2021
2022
2023
2024
2025
2026
2027
2158
2215
2245
2246
2247
2248
2249
2250
2276
2277
2278
2360
4084
4085
4086
4087
4088
4830
4831
4832
4833
4837
4838
4839
4861
4999
5114
5198
5400
5401
5402
5403
5441
5486
5506
5608
6078
6079
6080
6093
6094
6096
6097
7100
7101
7102
7103
7104
7105
7106
7107
7108
7109
7110
7111
7112
7113
7114
7150
7151
7152
7153
7154
7155
8003
8004
8006
8007
8008
8009
8010
8011
8012
8013
8014
8015
8016
8017
8018
8019
8020
8030
8032
8034
8035
8036
8038
8039
8040
8041
8042
8043
8050
8051
8052
8053
8054
8055
8056
8057
8058
8059
8060
8061
8062
8063
8064
8065
8066
8067
8068
8071
8072
8073
8074
8075
8076
8077
8078
8109
8110
8114
8115
8116
8117
8118
8119
8128
8129
8137
8430
8440
8441
8442
8444
8460
8461
8462
17641
18401
19231
20271
20272
21611
21612
21613
21614
21615
22473
22474
22475
22476
22506
47742
47751
47781
47831
50451
52311
52321
53761
55254
55410
55411
55412
55413
55414
55415
55416
55417
55418
55419
55420
55421
55422
55423
55424
55425
55426
55427
55428
55429
55430
55431
55432
55433
55434
55436
55437
55438
55439
55440
55441
55442
55443
55444
55445
55446
55447
55448
55449
55450
55451
55452
55453
55454
55455
55456
55457
55458
55459
55460
55461
55462
55463
55464
55465
55468
55469
55470
55471
55472
55473
55474
55475
55476
55477
55478
55479
55480
55481
56101
60114
60116
60117
60118
60119
60120
60121
60122
60123
60124
60125
60126
60127
60135
60136
60137
60138
60144
60145
60146
60147
60148
60149
60190
60191
60192
60193
60194
60195
60801
60802
60804
60805
60808
60809
60821
60822
60823
60824
60825
60826
60827
60828
60829
60830
60831
60832
60833
60834
60835
60836
60837
60838
60839
60840
60841
60842
60843
60844
60845
60846
60847
60851
60852
60854
60856
60857
60858
60864
60865
60866
60867
60868
60870
60878
60931
60932
60933
60935
60936
60937
60938
60939
60941
60942
60943
60944
60945
60946
60947
60961
60962
60963
60964
60965
60966
60967
60968
60971
60972
60973
60974
60975
60976
60977
60978
60979
60980
60981
60982
60983
60984
60985
60986
70963
70964
70965
70966
70967
70968
71051
71541
71542
71617
71618
71619
71620
71621
71622
71623
71624
71625
71626
71627
71628
71629
71630
71631
71908
71909
71910
71911
71912
71913
72014
80002
80027
80031
80032
80033
80034
80035
80037
80038
80039
80040
80046
80047
80048
80049
80050
80051
80052
80053
80054
80055
80056
80058
80059
80061
80062
80063
80064
80065
80066
80067
80068
80069
80073
80074
80075
80076
80077
80078
80079
80080
80081
80082
80083
80084
80085
80086
80087
80088
80089
80091
80092
80093
80097
80098
80099
80111
80112
80113
80114
80115
80118
80119
80123
80124
80161
80162
80163
80164
80165
80211
80212
80213
80214
80215
80216
80217
80218
80219
80220
80221
80222
80223
80224
80225
80226
80227
80228
80361
80363
80364
80433
80434
80435
80436
80437
80438
80439
80440
80442
80443
80444
80531
80532
80533
80581
80582
80583
80641
80642
80643
80681
80682
80683
81191
81192
81193
81194
81196
81198
81199
81200
81201
81202
81203
81204
81205
81206
81207
81209
81210
82980
84297
84298
84299
84300
84301
84302
84303
84304
84308
84309
84310
84311
84312
84315
84317
84318
84319
84320
84326
84328
84330
84331
84332
84333
84334
84336
84337
84338
84339
84401
84402
84403
84404
84405
84406
84407
84408
84409
84411
84412
84413
84415
84416
84417
84418
84419
84420
84421
84422
84423
84424
84425
84426
84427
84440
84441
84442
84443
84444
84445
84446
84447
84601
84602
84603
84604
85345
85942
85949
87539
192500
192600
216151
216152
216153
216154
216155
216156
216157
216158
216159
216160
216161
216162
216163
216164
216165
216166
216167
216168
216169
216170
216171
216172
216173
216174
216175
216176
216177
216178
216179
216180
216181
324912
324913
324914
396865
396869
478389
537611
554351
554661
554671
570999
577759
579419
579423
579426
601231
601232
601233
601371
601491
601492
601493
601494
601495
601496
604734
604990
608271
608291
608292
608295
608481
608511
608531
608532
608591
609390
609391
609610
609680
609711
609861
609862
609902
609903
609904
609905
609906
609907
609908
609909
609910
650960
684003
709631
709632
709633
720924
777469
779256
800361
800366
800371
800541
800571
800572
800573
800574
800591
800592
800810
800811
800890
800910
801131
801132
802231
802232
802233
802234
802281
802282
806821
806831
843151
843256
843257
843258
843259
843260
843311
843312
843313
844091
844092
844093
844094
844095
844096
844097
844098
844099
844451
844461
844471
850632
857954
880012
913244
913256
1008021
1008111
1008112
1008113
1008201
1008202
1008203
6099051
8481700
8506621
84850612
84850772
84852862
2603643
2603644
125
160
161
162
163
164
165
601
1011
1201
1820
1821
1822
1823
1829
1832
1845
1854
1855
1863
1864
1865
1866
1867
1868
1870
1871
1872
1873
1899
2669
2670
2672
2673
2674
2676
2678
2679
2793
3520
3521
3522
3523
3531
3718
3771
4013
4709
4710
4711
4717
4732
4759
5119
5194
5195
5196
6111
6158
6159
6160
6161
6162
6163
6164
6165
6166
6167
6422
6424
6442
6443
6444
6767
6768
6769
6901
6903
6904
6905
6909
7033
7034
7035
7038
7039
7044
7046
7263
10311
10411
11011
12111
14011
14111
18211
18231
18232
18233
18236
18271
18292
18452
18554
18555
18661
18681
18718
18722
18723
18727
18728
18729
18730
18735
18762
18763
18764
18991
18992
18997
27900
27911
27921
32631
32641
32661
38211
40071
40141
41108
41109
41110
41111
41112
41115
41116
50144
50145
50146
50147
50901
50902
50903
50931
51201
51211
51241
51242
51621
51640
51641
51642
51643
51644
52003
52198
52241
52251
52471
53200
53201
53500
53502
53504
53600
53601
54140
54230
54231
54232
67691
70321
70401
70431
70741
70751
70761
70912
70921
70931
70941
91051
91061
102111
123111
181374
181632
181664
181665
181666
181671
181672
181673
183267
183281
183282
183283
183305
183306
183307
183353
183357
183358
183359
183360
183442
183569
183570
183582
183661
183662
183739
186032
186033
186034
186035
186036
186037
186066
186067
186123
186124
186125
186140
186141
186148
186149
186161
186509
186591
189136
189137
189571
189572
189580
189581
189582
189583
189584
189920
189921
520000
520011
534801
534811
541411
541421
545001
545002
545003
601967
601969
601971
602128
602427
656001
656002
661330
667320
667640
1000621
1000671
1836611
1860330
1861441
1861451
1861490
1861491
1861492
1515
1516
1517
4600
4601
4602
4603
4610
4611
4612
4613
4614
4615
4616
4623
4624
4625
4630
4635
4650
4651
4652
46300
1502017
1502033
1502034
1502035
1502036
4640
4641
4642
4643
4644
4646
4660
4661
